0.21694136
0.9922904
0.9922904
0.9922904
0.9922904
0.9452692
0.13203904
0.15258867
0.91760665
0.9843284
0.029822111
0.036604524
0.5965915
0.5965915
0.21694136
0.9922904
0.9922904
0.9922904
0.9922904
0.9452692
0.13203904
0.15258867
0.91760665
0.9843284
0.029822111
0.036604524
0.5965915
0.5965915
0.22214335
0.44398424
0.46998757
0.48005775
0.8278502
0.14235327
0.42433202
0.09244591
0.41527107
0.86484885
0.22214335
0.44398424
0.46998757
0.48005775
0.8278502
0.14235327
0.42433202
0.09244591
0.41527107
0.86484885
