1.00000000000000000000 0.82608695652173913526
1.00000000000000000000 1.00000000000000000000
1.00000000000000000000 1.00000000000000000000
1.00000000000000000000 1.00000000000000000000
1.00000000000000000000 1.00000000000000000000
1.00000000000000000000 0.86956521739130432369
1.00000000000000000000 1.00000000000000000000
1.00000000000000000000 1.00000000000000000000
1.00000000000000000000 1.00000000000000000000
1.00000000000000000000 1.00000000000000000000
1.00000000000000000000 1.00000000000000000000
1.00000000000000000000 1.00000000000000000000
1.00000000000000000000 1.00000000000000000000
1.00000000000000000000 1.00000000000000000000
1.00000000000000000000 1.00000000000000000000
1.00000000000000000000 1.00000000000000000000
1.00000000000000000000 0.95652173913043481157
1.00000000000000000000 0.95652173913043481157
1.00000000000000000000 0.95652173913043481157
1.00000000000000000000 1.00000000000000000000
1.00000000000000000000 0.95652173913043481157
1.00000000000000000000 0.95652173913043481157
1.00000000000000000000 1.00000000000000000000
1.00000000000000000000 1.00000000000000000000
1.00000000000000000000 1.00000000000000000000
