1.00000000000000000000 0.82608695652173900000
1.00000000000000000000 1.00000000000000000000
1.00000000000000000000 1.00000000000000000000
1.00000000000000000000 1.00000000000000000000
1.00000000000000000000 1.00000000000000000000
1.00000000000000000000 0.86956521739130400000
1.00000000000000000000 1.00000000000000000000
1.00000000000000000000 1.00000000000000000000
1.00000000000000000000 1.00000000000000000000
1.00000000000000000000 1.00000000000000000000
1.00000000000000000000 1.00000000000000000000
1.00000000000000000000 1.00000000000000000000
1.00000000000000000000 1.00000000000000000000
1.00000000000000000000 1.00000000000000000000
1.00000000000000000000 1.00000000000000000000
1.00000000000000000000 1.00000000000000000000
1.00000000000000000000 0.95652173913043500000
1.00000000000000000000 0.95652173913043500000
1.00000000000000000000 0.95652173913043500000
1.00000000000000000000 1.00000000000000000000
1.00000000000000000000 0.95652173913043500000
1.00000000000000000000 0.95652173913043500000
1.00000000000000000000 1.00000000000000000000
1.00000000000000000000 1.00000000000000000000
1.00000000000000000000 1.00000000000000000000
